%YAML:1.0
---
RT: !!opencv-matrix
   rows: 4
   cols: 4
   dt: f
   data: [ 9.58258569e-01, -5.53379115e-03, -2.85850227e-01,
       3.49724084e-01, 8.73306021e-02, 9.57693756e-01, 2.74219036e-01,
       -2.56215662e-01, 2.72239506e-01, -2.87736088e-01, 9.18201149e-01,
       1.28968492e-01, 0., 0., 0., 1. ]
