%YAML:1.0
---
RT: !!opencv-matrix
   rows: 4
   cols: 4
   dt: f
   data: [ 8.94902289e-01, 2.87844948e-02, 4.45333302e-01,
       -4.51424390e-01, -1.25473082e-01, 9.73890603e-01, 1.89191192e-01,
       -2.43765891e-01, -4.28260088e-01, -2.25184947e-01, 8.75148535e-01,
       1.30858660e-01, 0., 0., 0., 1. ]
