%YAML:1.0
RT: !!opencv-matrix
   rows: 4
   cols: 4
   dt: f
   data: [ 9.21772122e-01, 1.03496406e-02, 3.87593836e-01,
       -4.76557672e-01, -7.55420327e-02, 9.85281408e-01, 1.53344080e-01,
       -2.10868195e-01, -3.80302012e-01, -1.70628026e-01, 9.08986866e-01,
       1.13005735e-01, 0., 0., 0., 1. ]
