%YAML:1.0
RT: !!opencv-matrix
   rows: 4
   cols: 4
   dt: f
   data: [ 9.19239342e-01, 2.02403758e-02, 3.93178076e-01,
       -4.82492238e-01, -8.46339017e-02, 9.85487998e-01, 1.47139862e-01,
       -2.03569621e-01, -3.84494126e-01, -1.68533042e-01, 9.07612741e-01,
       1.12548910e-01, 0., 0., 0., 1. ]
