%YAML:1.0
calibration_time: "Sat Feb  6 15:23:38 2016"
RT: !!opencv-matrix
   rows: 4
   cols: 4
   dt: f
   data: [ 9.11305368e-01, -3.46377604e-02, -4.10272032e-01,
       5.00973761e-01, -8.29148144e-02, 9.60601568e-01, -2.65272379e-01,
       3.32787663e-01, 4.03296322e-01, 2.75761902e-01, 8.72529447e-01,
       1.57385930e-01, 0., 0., 0., 1. ]
