%YAML:1.0
calibration_time: "Sun 24 Jan 2016 02:27:19 GMT"
image_width: 640
image_height: 480
board_width: 4
board_height: 11
square_size: 1.5949999913573265e-02
flags: 14568
camera_matrix_1: !!opencv-matrix
   rows: 3
   cols: 3
   dt: d
   data: [ 5.2918428888282403e+02, 0., 3.1234203300254126e+02, 0.,
       5.3093227332629931e+02, 2.3945887029303671e+02, 0., 0., 1. ]
camera_matrix_2: !!opencv-matrix
   rows: 3
   cols: 3
   dt: d
   data: [ 5.4535519648996683e+02, 0., 3.1233147261468827e+02, 0.,
       5.4529168474599533e+02, 2.4872636751488059e+02, 0., 0., 1. ]
distortion_coefficients_1: !!opencv-matrix
   rows: 5
   cols: 1
   dt: d
   data: [ 0., 0., 0., 0., 0. ]
distortion_coefficients_2: !!opencv-matrix
   rows: 5
   cols: 1
   dt: d
   data: [ 0., 0., 0., 0., 0. ]
avg_reprojection_error_1: 0.
avg_reprojection_error_2: 0.
R: !!opencv-matrix
   rows: 3
   cols: 3
   dt: d
   data: [ 9.2860559254675989e-01, -8.3098695699786174e-02,
       3.6164383067304684e-01, -2.0634549989580298e-02,
       9.6152972072578113e-01, 2.7392482820607733e-01,
       -3.7049408745296941e-01, -2.6183048511202012e-01,
       8.9116717187539829e-01 ]
T: !!opencv-matrix
   rows: 3
   cols: 1
   dt: d
   data: [ -4.5938829046323626e-01, -3.5410387208502792e-01,
       1.5868963380704701e-01 ]
E: !!opencv-matrix
   rows: 3
   cols: 3
   dt: d
   data: [ 1.3446788013332514e-01, -5.9869610668498802e-02,
       -3.5903477691482283e-01, -2.2840564029335125e-02,
       -1.3346876053721304e-01, 4.6678089066287981e-01,
       3.3830210660481086e-01, -4.7114106454631932e-01,
       2.2216222119625373e-03 ]
F: !!opencv-matrix
   rows: 3
   cols: 3
   dt: d
   data: [ 1.1285973730419476e-04, -5.0083506462528926e-05,
       -1.8272237068639199e-01, -1.9172461820492189e-05,
       -1.1166536794851048e-04, 2.4007143519050211e-01,
       1.2436670446276189e-01, -1.7152394757339784e-01, 1. ]
avg_epipolar_error: 7.1334307215430517e+00
