%YAML:1.0
calibration_time: "Thu 21 Jan 2016 21:13:22 GMT"
image_width: 640
image_height: 480
board_width: 4
board_height: 11
square_size: 1.5949999913573265e-02
flags: 14568
camera_matrix_1: !!opencv-matrix
   rows: 3
   cols: 3
   dt: d
   data: [ 5.2918428888282403e+02, 0., 3.1234203300254126e+02, 0.,
       5.3093227332629931e+02, 2.3945887029303671e+02, 0., 0., 1. ]
camera_matrix_2: !!opencv-matrix
   rows: 3
   cols: 3
   dt: d
   data: [ 5.4535519648996683e+02, 0., 3.1233147261468827e+02, 0.,
       5.4529168474599533e+02, 2.4872636751488059e+02, 0., 0., 1. ]
distortion_coefficients_1: !!opencv-matrix
   rows: 5
   cols: 1
   dt: d
   data: [ 0., 0., 0., 0., 0. ]
distortion_coefficients_2: !!opencv-matrix
   rows: 5
   cols: 1
   dt: d
   data: [ 0., 0., 0., 0., 0. ]
avg_reprojection_error_1: 0.
avg_reprojection_error_2: 0.
R: !!opencv-matrix
   rows: 3
   cols: 3
   dt: d
   data: [ 8.0245438114852907e-01, -2.7969937382582799e-02,
       5.9605758847475965e-01, -1.4750474753554157e-01,
       9.5860271105387140e-01, 2.4356352726679792e-01,
       -5.7819487686247073e-01, -2.8336994364784435e-01,
       7.6510924671383373e-01 ]
T: !!opencv-matrix
   rows: 3
   cols: 1
   dt: d
   data: [ -5.4908027983841290e-01, -3.6847551240745230e-01,
       1.6726178712415402e-01 ]
E: !!opencv-matrix
   rows: 3
   cols: 3
   dt: d
   data: [ 2.3772256120535454e-01, -5.5922717406419228e-02,
       -3.2266289257946701e-01, -1.8325545091227211e-01,
       -1.6027114966831513e-01, 5.1980405676979102e-01,
       3.7667673733161888e-01, -5.3665608184837255e-01,
       8.5896695627503100e-02 ]
F: !!opencv-matrix
   rows: 3
   cols: 3
   dt: d
   data: [ 2.2319058865245494e-05, -5.2331304408673594e-06,
       -2.1749091260699398e-02, -1.7207309059762577e-05,
       -1.4999584412516423e-05, 3.4795056330775370e-02,
       1.6595480770140329e-02, -2.2022010391040341e-02,
       9.9999999999999989e-01 ]
avg_epipolar_error: 6.6913277481541485e+01
