%YAML:1.0
---
calibration_time: "Sun 13 Nov 2016 16:45:08 GMT"
image_width: 640
image_height: 480
board_width: 4
board_height: 11
square_size: 1.5949999913573265e-02
aspectRatio: 1.
flags: 234
camera_matrix: !!opencv-matrix
   rows: 3
   cols: 3
   dt: d
   data: [ 5.3911791954173225e+02, 0., 3.1356837164612040e+02, 0.,
       5.3911791954173225e+02, 2.4196670925691711e+02, 0., 0., 1. ]
distortion_coefficients: !!opencv-matrix
   rows: 5
   cols: 1
   dt: d
   data: [ 0., 0., 0., 0., 0. ]
avg_reprojection_error: 1.3818423357476634e-01
