%YAML:1.0
calibration_time: "Thu 21 Jan 2016 21:15:26 GMT"
image_width: 640
image_height: 480
board_width: 4
board_height: 11
square_size: 1.5949999913573265e-02
flags: 14568
camera_matrix_1: !!opencv-matrix
   rows: 3
   cols: 3
   dt: d
   data: [ 5.4535519648996683e+02, 0., 3.1233147261468827e+02, 0.,
       5.4529168474599533e+02, 2.4872636751488059e+02, 0., 0., 1. ]
camera_matrix_2: !!opencv-matrix
   rows: 3
   cols: 3
   dt: d
   data: [ 5.2918428888282403e+02, 0., 3.1234203300254126e+02, 0.,
       5.3093227332629931e+02, 2.3945887029303671e+02, 0., 0., 1. ]
distortion_coefficients_1: !!opencv-matrix
   rows: 5
   cols: 1
   dt: d
   data: [ 0., 0., 0., 0., 0. ]
distortion_coefficients_2: !!opencv-matrix
   rows: 5
   cols: 1
   dt: d
   data: [ 0., 0., 0., 0., 0. ]
avg_reprojection_error_1: 0.
avg_reprojection_error_2: 0.
R: !!opencv-matrix
   rows: 3
   cols: 3
   dt: d
   data: [ 7.9390475533846749e-01, -1.4884365674959255e-01,
       -5.8954287825091878e-01, -2.8915709005301812e-02,
       9.5923673525562025e-01, -2.8112055689483090e-01,
       6.0735419750232145e-01, 2.4022999725585609e-01,
       7.5723868574892728e-01 ]
T: !!opencv-matrix
   rows: 3
   cols: 1
   dt: d
   data: [ 4.8946645275620926e-01, 3.8351620420765048e-01,
       2.9209519819776775e-01 ]
E: !!opencv-matrix
   rows: 3
   cols: 3
   dt: d
   data: [ 2.4137631618860661e-01, -1.8805634761868983e-01,
       3.7252727122128093e-01, -6.5383737757315430e-02,
       -1.6106104202121052e-01, -5.4284557727208593e-01,
       -3.1862860778556834e-01, 5.2659815641600560e-01,
       8.8500165104282408e-02 ]
F: !!opencv-matrix
   rows: 3
   cols: 3
   dt: d
   data: [ 2.2803627783953675e-05, -1.7768381339476147e-05,
       1.6490348964129035e-02, -6.1566837986257030e-06,
       -1.5167646219699333e-05, -2.2180634955354116e-02,
       -2.1577716811744904e-02, 3.5511554001289948e-02, 1. ]
avg_epipolar_error: 6.1398559544303204e+01
