%YAML:1.0
calibration_time: "Sun 24 Jan 2016 02:24:24 GMT"
image_width: 640
image_height: 480
board_width: 4
board_height: 11
square_size: 1.5949999913573265e-02
flags: 14568
camera_matrix_1: !!opencv-matrix
   rows: 3
   cols: 3
   dt: d
   data: [ 5.4535519648996683e+02, 0., 3.1233147261468827e+02, 0.,
       5.4529168474599533e+02, 2.4872636751488059e+02, 0., 0., 1. ]
camera_matrix_2: !!opencv-matrix
   rows: 3
   cols: 3
   dt: d
   data: [ 5.3769495525096693e+02, 0., 3.1581698286332170e+02, 0.,
       5.3826487244806845e+02, 2.3702210145401472e+02, 0., 0., 1. ]
distortion_coefficients_1: !!opencv-matrix
   rows: 5
   cols: 1
   dt: d
   data: [ 0., 0., 0., 0., 0. ]
distortion_coefficients_2: !!opencv-matrix
   rows: 5
   cols: 1
   dt: d
   data: [ 0., 0., 0., 0., 0. ]
avg_reprojection_error_1: 0.
avg_reprojection_error_2: 0.
R: !!opencv-matrix
   rows: 3
   cols: 3
   dt: d
   data: [ 9.4062706362794890e-01, 1.2971019698107012e-02,
       3.3919386760178011e-01, 4.3499722595802350e-02,
       9.8642409602991543e-01, -1.5835175056074466e-01,
       -3.3664298790372998e-01, 1.6370478129717339e-01,
       9.2729296518182092e-01 ]
T: !!opencv-matrix
   rows: 3
   cols: 1
   dt: d
   data: [ -4.2541962191592103e-01, 2.8100463988209329e-01,
       5.0324847760434596e-02 ]
E: !!opencv-matrix
   rows: 3
   cols: 3
   dt: d
   data: [ -9.6787358501974424e-02, -3.6398393445407629e-03,
       2.6854265348568385e-01, -9.5877618858229624e-02,
       7.0295990756876883e-02, 4.1155850240127617e-01,
       -2.8282620481827631e-01, -4.2328908270097093e-01,
       -2.7949108762376426e-02 ]
F: !!opencv-matrix
   rows: 3
   cols: 3
   dt: d
   data: [ 5.9531320541646389e-06, 2.2390287737514631e-07,
       -1.0922859211254920e-02, 5.8909324410488315e-06,
       -4.3196438319612769e-06, -1.4555945182298510e-02,
       6.0772981477005324e-03, 1.4953862553055489e-02, 1. ]
avg_epipolar_error: 1.8268664816654091e+01
