%YAML:1.0
calibration_time: "Thu 21 Jan 2016 21:18:56 GMT"
image_width: 640
image_height: 480
board_width: 4
board_height: 11
square_size: 1.5949999913573265e-02
flags: 14568
camera_matrix_1: !!opencv-matrix
   rows: 3
   cols: 3
   dt: d
   data: [ 5.4535519648996683e+02, 0., 3.1233147261468827e+02, 0.,
       5.4529168474599533e+02, 2.4872636751488059e+02, 0., 0., 1. ]
camera_matrix_2: !!opencv-matrix
   rows: 3
   cols: 3
   dt: d
   data: [ 5.3769495525096693e+02, 0., 3.1581698286332170e+02, 0.,
       5.3826487244806845e+02, 2.3702210145401472e+02, 0., 0., 1. ]
distortion_coefficients_1: !!opencv-matrix
   rows: 5
   cols: 1
   dt: d
   data: [ 0., 0., 0., 0., 0. ]
distortion_coefficients_2: !!opencv-matrix
   rows: 5
   cols: 1
   dt: d
   data: [ 0., 0., 0., 0., 0. ]
avg_reprojection_error_1: 0.
avg_reprojection_error_2: 0.
R: !!opencv-matrix
   rows: 3
   cols: 3
   dt: d
   data: [ 9.0969623605423244e-01, 2.5955815860161539e-02,
       4.1446236708752643e-01, 2.5308245955707472e-02,
       9.9272448503743616e-01, -1.1771826321264957e-01,
       -4.1450241349768707e-01, 1.1757717648502457e-01,
       9.0242083130566186e-01 ]
T: !!opencv-matrix
   rows: 3
   cols: 1
   dt: d
   data: [ -3.7031200928330005e-01, 2.8457875287748202e-01,
       8.3445401542638242e-02 ]
E: !!opencv-matrix
   rows: 3
   cols: 3
   dt: d
   data: [ -1.2007043664399202e-01, -4.9378327024193730e-02,
       2.6663284248630736e-01, -7.7585253895733702e-02,
       4.5706133946844578e-02, 3.6876224990583656e-01,
       -2.6825216776494698e-01, -3.7500427242634465e-01,
       -7.4354696960800770e-02 ]
F: !!opencv-matrix
   rows: 3
   cols: 3
   dt: d
   data: [ 3.0864609756986912e-06, 1.2694384616672588e-06,
       -5.0175566849016487e-03, 1.9922498805368705e-06,
       -1.1737880734200035e-06, -5.4943414479916436e-03,
       2.2607301089820992e-03, 5.0610941937299743e-03, 1. ]
avg_epipolar_error: 8.2598285698168212e+01
