%YAML:1.0
---
RT: !!opencv-matrix
   rows: 4
   cols: 4
   dt: f
   data: [ 9.07397866e-01, 2.87908092e-02, 4.19285566e-01,
       -4.55172896e-01, -1.22044027e-01, 9.72710907e-01, 1.97329238e-01,
       -2.21692637e-01, -4.02162433e-01, -2.30227485e-01, 8.86149466e-01,
       1.31527066e-01, 0., 0., 0., 1. ]
