%YAML:1.0
calibration_time: "Sat Feb  6 16:07:46 2016"
RT: !!opencv-matrix
   rows: 4
   cols: 4
   dt: f
   data: [ 9.43450868e-01, 2.89996024e-02, 3.30241174e-01,
       -3.94095331e-01, 3.27326879e-02, 9.83150065e-01, -1.79846272e-01,
       2.62765616e-01, -3.29892218e-01, 1.80485830e-01, 9.26604748e-01,
       3.95553373e-02, 0., 0., 0., 1. ]
