%YAML:1.0
calibration_time: "Tue Feb  9 17:09:33 2016"
RT: !!opencv-matrix
   rows: 4
   cols: 4
   dt: f
   data: [ 9.25288975e-01, 2.39972398e-02, 3.78502965e-01,
       -4.39531118e-01, 6.76083937e-02, 9.71574903e-01, -2.26873845e-01,
       2.99714953e-01, -3.73188227e-01, 2.35513896e-01, 8.97364855e-01,
       9.45042595e-02, 0., 0., 0., 1. ]
