%YAML:1.0
RT: !!opencv-matrix
   rows: 4
   cols: 4
   dt: f
   data: [ 8.89922976e-01, 2.31257826e-03, -4.56105202e-01,
       4.45176214e-01, 6.37567714e-02, 9.89538431e-01, 1.29415303e-01,
       -1.58821136e-01, 4.51633066e-01, -1.44249424e-01, 8.80465806e-01,
       1.10033095e-01, 0., 0., 0., 1. ]
