%YAML:1.0
---
RT: !!opencv-matrix
   rows: 4
   cols: 4
   dt: f
   data: [ 9.09928799e-01, 1.44335274e-02, -4.14513797e-01,
       4.52247888e-01, 8.82183537e-02, 9.69792247e-01, 2.27422878e-01,
       -2.63851285e-01, 4.05274600e-01, -2.43506387e-01, 8.81167948e-01,
       1.17247492e-01, 0., 0., 0., 1. ]
