%YAML:1.0
RT: !!opencv-matrix
   rows: 4
   cols: 4
   dt: f
   data: [ 8.95788014e-01, 8.42053909e-03, -4.44401205e-01,
       4.40914601e-01, 5.32172509e-02, 9.90596771e-01, 1.26040950e-01,
       -1.64396808e-01, 4.41283852e-01, -1.36555791e-01, 8.86916697e-01,
       1.09908640e-01, 0., 0., 0., 1. ]
