%YAML:1.0
calibration_time: "Thu 21 Jan 2016 21:17:20 GMT"
image_width: 640
image_height: 480
board_width: 4
board_height: 11
square_size: 1.5949999913573265e-02
flags: 14568
camera_matrix_1: !!opencv-matrix
   rows: 3
   cols: 3
   dt: d
   data: [ 5.3769495525096693e+02, 0., 3.1581698286332170e+02, 0.,
       5.3826487244806845e+02, 2.3702210145401472e+02, 0., 0., 1. ]
camera_matrix_2: !!opencv-matrix
   rows: 3
   cols: 3
   dt: d
   data: [ 5.4535519648996683e+02, 0., 3.1233147261468827e+02, 0.,
       5.4529168474599533e+02, 2.4872636751488059e+02, 0., 0., 1. ]
distortion_coefficients_1: !!opencv-matrix
   rows: 5
   cols: 1
   dt: d
   data: [ 0., 0., 0., 0., 0. ]
distortion_coefficients_2: !!opencv-matrix
   rows: 5
   cols: 1
   dt: d
   data: [ 0., 0., 0., 0., 0. ]
avg_reprojection_error_1: 0.
avg_reprojection_error_2: 0.
R: !!opencv-matrix
   rows: 3
   cols: 3
   dt: d
   data: [ 9.0245211624720501e-01, 1.8891798801323571e-02,
       -4.3037574027701825e-01, 3.2677035503089598e-02,
       9.9315770133506609e-01, 1.1211597401609387e-01,
       4.2954905334742738e-01, -1.1524270136064114e-01,
       8.9565994135689198e-01 ]
T: !!opencv-matrix
   rows: 3
   cols: 1
   dt: d
   data: [ 3.7271945905594595e-01, -2.7898060965761767e-01,
       1.1789351902629316e-01 ]
E: !!opencv-matrix
   rows: 3
   cols: 3
   dt: d
   data: [ -1.2368826748752418e-01, -8.4936377274272765e-02,
       -2.6308950320146957e-01, -5.3708035064538417e-02,
       4.5180417952708836e-02, -3.8456839936542470e-01,
       2.6394600857371597e-01, 3.7543964674597485e-01,
       -7.8278681217522073e-02 ]
F: !!opencv-matrix
   rows: 3
   cols: 3
   dt: d
   data: [ 2.9940201465167956e-06, 2.0538081310733875e-06,
       1.9918914871880204e-03, 1.3002176477711712e-06,
       -1.0926145013995979e-06, 4.8542911451000372e-03,
       -4.7428670595600370e-03, -5.3206247729273570e-03, 1. ]
avg_epipolar_error: 8.8860227550159806e+01
