%YAML:1.0
calibration_time: "Sun 24 Jan 2016 02:26:13 GMT"
image_width: 640
image_height: 480
board_width: 4
board_height: 11
square_size: 1.5949999913573265e-02
flags: 14568
camera_matrix_1: !!opencv-matrix
   rows: 3
   cols: 3
   dt: d
   data: [ 5.3769495525096693e+02, 0., 3.1581698286332170e+02, 0.,
       5.3826487244806845e+02, 2.3702210145401472e+02, 0., 0., 1. ]
camera_matrix_2: !!opencv-matrix
   rows: 3
   cols: 3
   dt: d
   data: [ 5.4535519648996683e+02, 0., 3.1233147261468827e+02, 0.,
       5.4529168474599533e+02, 2.4872636751488059e+02, 0., 0., 1. ]
distortion_coefficients_1: !!opencv-matrix
   rows: 5
   cols: 1
   dt: d
   data: [ 0., 0., 0., 0., 0. ]
distortion_coefficients_2: !!opencv-matrix
   rows: 5
   cols: 1
   dt: d
   data: [ 0., 0., 0., 0., 0. ]
avg_reprojection_error_1: 0.
avg_reprojection_error_2: 0.
R: !!opencv-matrix
   rows: 3
   cols: 3
   dt: d
   data: [ 9.3960943832398924e-01, 4.6535919945504600e-02,
       -3.3907006881661383e-01, 1.1161148090205106e-02,
       9.8601945332791230e-01, 1.6625602675462200e-01,
       3.4206656104592592e-01, -1.6000014316790676e-01,
       9.2595379042394088e-01 ]
T: !!opencv-matrix
   rows: 3
   cols: 1
   dt: d
   data: [ 4.0556053576733581e-01, -2.8111845968027793e-01,
       1.4192642951820830e-01 ]
E: !!opencv-matrix
   rows: 3
   cols: 3
   dt: d
   data: [ -9.7745286647127227e-02, -9.4963226650340349e-02,
       -2.8389882756226037e-01, -5.3732850429428491e-03,
       7.1494420748237350e-02, -4.2365331956376401e-01,
       2.6866807920193314e-01, 4.1297268390356867e-01,
       -2.7891972184259303e-02 ]
F: !!opencv-matrix
   rows: 3
   cols: 3
   dt: d
   data: [ 5.9932275894044833e-06, 5.8164812393150543e-06,
       6.0883578895158195e-03, 3.2949999008984187e-07,
       -4.3795309667005395e-06, 1.4902880510893843e-02,
       -1.0937637140607352e-02, -1.4521855393597516e-02, 1. ]
avg_epipolar_error: 2.4524929994525330e+01
