%YAML:1.0
calibration_time: "Fri 15 Jan 2016 12:04:06 GMT"
image_width: 640
image_height: 480
board_width: 6
board_height: 9
square_size: 2.4000000208616257e-02
flags: 232
camera_matrix: !!opencv-matrix
   rows: 3
   cols: 3
   dt: d
   data: [ 5.8048728121511442e+02, 0., 3.1746915386682650e+02, 0.,
       5.8086152214187575e+02, 2.3447918619119110e+02, 0., 0., 1. ]
distortion_coefficients: !!opencv-matrix
   rows: 5
   cols: 1
   dt: d
   data: [ 0., 0., 0., 0., 0. ]
avg_reprojection_error: 2.0914648708039732e-01
