%YAML:1.0
---
calibration_time: "Mon 05 Dec 2016 12:31:41 GMT"
image_width: 640
image_height: 480
board_width: 4
board_height: 11
square_size: 1.5949999913573265e-02
aspectRatio: 1.
flags: 234
camera_matrix: !!opencv-matrix
   rows: 3
   cols: 3
   dt: d
   data: [ 5.8285790023886250e+02, 0., 3.2816323377344821e+02, 0.,
       5.8285790023886250e+02, 2.4034328549529280e+02, 0., 0., 1. ]
distortion_coefficients: !!opencv-matrix
   rows: 5
   cols: 1
   dt: d
   data: [ 0., 0., 0., 0., 0. ]
avg_reprojection_error: 1.0785422325331773e-01
