%YAML:1.0
---
calibration_time: "Mon 05 Dec 2016 12:33:30 GMT"
image_width: 640
image_height: 480
board_width: 4
board_height: 11
square_size: 1.5949999913573265e-02
aspectRatio: 1.
flags: 234
camera_matrix: !!opencv-matrix
   rows: 3
   cols: 3
   dt: d
   data: [ 5.4572374287998059e+02, 0., 3.2821872218087628e+02, 0.,
       5.4572374287998059e+02, 2.3744357304184939e+02, 0., 0., 1. ]
distortion_coefficients: !!opencv-matrix
   rows: 5
   cols: 1
   dt: d
   data: [ 0., 0., 0., 0., 0. ]
avg_reprojection_error: 1.1566934417944398e-01
