%YAML:1.0
calibration_time: "Thu 21 Jan 2016 20:12:41 GMT"
image_width: 640
image_height: 480
board_width: 4
board_height: 11
square_size: 1.5949999913573265e-02
flags: 232
camera_matrix: !!opencv-matrix
   rows: 3
   cols: 3
   dt: d
   data: [ 5.3769495525096693e+02, 0., 3.1581698286332170e+02, 0.,
       5.3826487244806845e+02, 2.3702210145401472e+02, 0., 0., 1. ]
distortion_coefficients: !!opencv-matrix
   rows: 5
   cols: 1
   dt: d
   data: [ 0., 0., 0., 0., 0. ]
avg_reprojection_error: 1.7416691783491239e-01
